1.000000000000000000e+00
9.979999999999999982e-01
1.000000000000000000e+00
9.859999999999999876e-01
9.819999999999999840e-01
9.699999999999999734e-01
9.539999999999999591e-01
9.439999999999999503e-01
9.220000000000000417e-01
8.980000000000000204e-01
8.699999999999999956e-01
8.479999999999999760e-01
8.399999999999999689e-01
7.880000000000000338e-01
7.279999999999999805e-01
7.299999999999999822e-01
6.740000000000000435e-01
6.079999999999999849e-01
5.939999999999999725e-01
5.600000000000000533e-01
5.540000000000000480e-01
5.080000000000000071e-01
4.339999999999999969e-01
4.380000000000000004e-01
4.040000000000000258e-01
4.079999999999999738e-01
3.719999999999999973e-01
2.999999999999999889e-01
2.700000000000000178e-01
2.419999999999999929e-01
2.540000000000000036e-01
2.159999999999999976e-01
1.620000000000000051e-01
1.940000000000000058e-01
1.580000000000000016e-01
1.199999999999999956e-01
1.519999999999999962e-01
9.800000000000000377e-02
9.400000000000000022e-02
8.200000000000000344e-02
7.399999999999999634e-02
8.400000000000000522e-02
8.400000000000000522e-02
5.600000000000000117e-02
5.800000000000000294e-02
4.000000000000000083e-02
5.199999999999999761e-02
2.999999999999999889e-02
3.799999999999999906e-02
3.200000000000000067e-02
2.000000000000000042e-02
3.200000000000000067e-02
1.200000000000000025e-02
2.199999999999999872e-02
4.000000000000000083e-02
8.000000000000000167e-03
2.000000000000000042e-02
1.200000000000000025e-02
1.400000000000000029e-02
1.200000000000000025e-02
1.000000000000000021e-02
8.000000000000000167e-03
6.000000000000000125e-03
0.000000000000000000e+00
6.000000000000000125e-03
2.000000000000000042e-03
0.000000000000000000e+00
0.000000000000000000e+00
4.000000000000000083e-03
0.000000000000000000e+00
0.000000000000000000e+00
0.000000000000000000e+00
0.000000000000000000e+00
0.000000000000000000e+00
0.000000000000000000e+00
0.000000000000000000e+00
0.000000000000000000e+00
0.000000000000000000e+00
0.000000000000000000e+00
0.000000000000000000e+00
0.000000000000000000e+00
0.000000000000000000e+00
0.000000000000000000e+00
0.000000000000000000e+00
0.000000000000000000e+00
0.000000000000000000e+00
0.000000000000000000e+00
0.000000000000000000e+00
0.000000000000000000e+00
0.000000000000000000e+00
0.000000000000000000e+00
0.000000000000000000e+00
0.000000000000000000e+00
0.000000000000000000e+00
0.000000000000000000e+00
0.000000000000000000e+00
0.000000000000000000e+00
0.000000000000000000e+00
0.000000000000000000e+00
0.000000000000000000e+00
0.000000000000000000e+00
0.000000000000000000e+00
0.000000000000000000e+00
0.000000000000000000e+00
0.000000000000000000e+00
0.000000000000000000e+00
0.000000000000000000e+00
0.000000000000000000e+00
0.000000000000000000e+00
0.000000000000000000e+00
0.000000000000000000e+00
0.000000000000000000e+00
0.000000000000000000e+00
0.000000000000000000e+00
0.000000000000000000e+00
0.000000000000000000e+00
0.000000000000000000e+00
0.000000000000000000e+00
0.000000000000000000e+00
0.000000000000000000e+00
0.000000000000000000e+00
0.000000000000000000e+00
0.000000000000000000e+00
0.000000000000000000e+00
0.000000000000000000e+00
0.000000000000000000e+00
0.000000000000000000e+00
0.000000000000000000e+00
0.000000000000000000e+00
0.000000000000000000e+00
0.000000000000000000e+00
0.000000000000000000e+00
0.000000000000000000e+00
0.000000000000000000e+00
0.000000000000000000e+00
0.000000000000000000e+00
0.000000000000000000e+00
0.000000000000000000e+00
0.000000000000000000e+00
0.000000000000000000e+00
0.000000000000000000e+00
0.000000000000000000e+00
0.000000000000000000e+00
0.000000000000000000e+00
0.000000000000000000e+00
0.000000000000000000e+00
0.000000000000000000e+00
0.000000000000000000e+00
0.000000000000000000e+00
0.000000000000000000e+00
0.000000000000000000e+00
0.000000000000000000e+00
0.000000000000000000e+00
0.000000000000000000e+00
0.000000000000000000e+00
0.000000000000000000e+00
0.000000000000000000e+00
0.000000000000000000e+00
0.000000000000000000e+00
0.000000000000000000e+00
0.000000000000000000e+00
0.000000000000000000e+00
0.000000000000000000e+00
0.000000000000000000e+00
0.000000000000000000e+00
0.000000000000000000e+00
0.000000000000000000e+00
0.000000000000000000e+00
0.000000000000000000e+00
0.000000000000000000e+00
0.000000000000000000e+00
0.000000000000000000e+00
0.000000000000000000e+00
0.000000000000000000e+00
0.000000000000000000e+00
0.000000000000000000e+00
0.000000000000000000e+00
0.000000000000000000e+00
0.000000000000000000e+00
0.000000000000000000e+00
0.000000000000000000e+00
0.000000000000000000e+00
0.000000000000000000e+00
0.000000000000000000e+00
0.000000000000000000e+00
0.000000000000000000e+00
0.000000000000000000e+00
0.000000000000000000e+00
0.000000000000000000e+00
0.000000000000000000e+00
0.000000000000000000e+00
0.000000000000000000e+00
0.000000000000000000e+00
0.000000000000000000e+00
0.000000000000000000e+00
0.000000000000000000e+00
0.000000000000000000e+00
0.000000000000000000e+00
0.000000000000000000e+00
0.000000000000000000e+00
