5.997500000000000227e-03
1.599249999999999977e-02
2.598750000000000365e-02
3.598250000000000060e-02
4.597750000000000448e-02
5.597250000000000836e-02
6.596749999999999836e-02
7.596250000000000224e-02
8.595750000000000612e-02
9.595250000000001001e-02
1.059475000000000000e-01
1.159425000000000039e-01
1.259375000000000078e-01
1.359325000000000117e-01
1.459274999999999878e-01
1.559225000000000194e-01
1.659174999999999955e-01
1.759125000000000272e-01
1.859075000000000033e-01
1.959025000000000349e-01
2.058975000000000111e-01
2.158924999999999872e-01
2.258875000000000188e-01
2.358824999999999950e-01
2.458775000000000266e-01
2.558725000000000027e-01
2.658675000000000344e-01
2.758625000000000105e-01
2.858574999999999866e-01
2.958525000000000182e-01
3.058475000000000499e-01
3.158425000000000260e-01
3.258375000000000021e-01
3.358324999999999783e-01
3.458275000000000099e-01
3.558225000000000415e-01
3.658175000000000177e-01
3.758124999999999938e-01
3.858075000000000254e-01
3.958025000000000571e-01
4.057975000000000332e-01
4.157925000000000093e-01
4.257874999999999854e-01
4.357825000000000171e-01
4.457775000000000487e-01
4.557725000000000248e-01
4.657675000000000010e-01
4.757625000000000326e-01
4.857575000000000087e-01
4.957525000000000404e-01
5.057475000000000165e-01
5.157424999999999926e-01
5.257374999999999687e-01
5.357325000000000559e-01
5.457275000000000320e-01
5.557225000000000081e-01
5.657174999999999843e-01
5.757125000000000714e-01
5.857075000000000475e-01
5.957025000000000237e-01
6.056974999999999998e-01
6.156924999999999759e-01
6.256875000000000631e-01
6.356825000000000392e-01
6.456775000000000153e-01
6.556724999999999914e-01
6.656675000000000786e-01
6.756625000000000547e-01
6.856575000000000308e-01
6.956525000000000070e-01
7.056474999999999831e-01
7.156425000000000702e-01
7.256375000000000464e-01
7.356325000000000225e-01
7.456274999999999986e-01
7.556225000000000858e-01
7.656175000000000619e-01
7.756125000000000380e-01
7.856075000000000141e-01
7.956024999999999903e-01
8.055975000000000774e-01
8.155925000000000535e-01
8.255875000000000297e-01
8.355825000000000058e-01
8.455775000000000929e-01
8.555725000000000691e-01
8.655675000000000452e-01
8.755625000000000213e-01
8.855574999999999974e-01
8.955524999999999736e-01
9.055475000000000607e-01
9.155425000000000368e-01
9.255375000000000130e-01
9.355325000000001001e-01
9.455275000000000762e-01
9.555225000000000524e-01
9.655175000000000285e-01
9.755125000000000046e-01
9.855074999999999807e-01
9.955024999999999569e-01
1.005497499999999933e+00
1.015492499999999909e+00
1.025487499999999885e+00
1.035482499999999861e+00
1.045477499999999837e+00
1.055472500000000036e+00
1.065467500000000012e+00
1.075462499999999988e+00
1.085457499999999964e+00
1.095452499999999940e+00
1.105447499999999916e+00
1.115442499999999892e+00
1.125437499999999869e+00
1.135432499999999845e+00
1.145427499999999821e+00
1.155422500000000019e+00
1.165417499999999995e+00
1.175412499999999971e+00
1.185407499999999947e+00
1.195402499999999923e+00
1.205397499999999900e+00
1.215392499999999876e+00
1.225387499999999852e+00
1.235382500000000050e+00
1.245377500000000026e+00
1.255372500000000002e+00
1.265367499999999978e+00
1.275362499999999955e+00
1.285357499999999931e+00
1.295352499999999907e+00
1.305347499999999883e+00
1.315342499999999859e+00
1.325337499999999835e+00
1.335332500000000033e+00
1.345327500000000009e+00
1.355322499999999986e+00
1.365317499999999962e+00
1.375312499999999938e+00
1.385307499999999914e+00
1.395302499999999890e+00
1.405297499999999866e+00
1.415292500000000064e+00
1.425287500000000041e+00
1.435282500000000017e+00
1.445277499999999993e+00
1.455272499999999969e+00
1.465267499999999945e+00
1.475262499999999921e+00
1.485257499999999897e+00
1.495252499999999873e+00
1.505247499999999850e+00
1.515242500000000048e+00
1.525237500000000024e+00
1.535232500000000000e+00
1.545227499999999976e+00
1.555222499999999952e+00
1.565217499999999928e+00
1.575212499999999904e+00
1.585207499999999881e+00
1.595202500000000079e+00
1.605197500000000055e+00
1.615192500000000031e+00
1.625187500000000007e+00
1.635182499999999983e+00
1.645177499999999959e+00
1.655172499999999935e+00
1.665167499999999912e+00
1.675162499999999888e+00
1.685157499999999864e+00
1.695152499999999840e+00
1.705147500000000038e+00
1.715142500000000014e+00
1.725137499999999990e+00
1.735132499999999967e+00
1.745127499999999943e+00
1.755122499999999919e+00
1.765117499999999895e+00
1.775112499999999871e+00
1.785107500000000069e+00
1.795102500000000045e+00
1.805097500000000021e+00
1.815092499999999998e+00
1.825087499999999974e+00
1.835082499999999950e+00
1.845077499999999926e+00
1.855072499999999902e+00
1.865067499999999878e+00
1.875062499999999854e+00
1.885057500000000053e+00
1.895052500000000029e+00
1.905047500000000005e+00
1.915042499999999981e+00
1.925037499999999957e+00
1.935032499999999933e+00
1.945027499999999909e+00
1.955022499999999885e+00
1.965017500000000084e+00
1.975012500000000060e+00
1.985007500000000036e+00
1.995002500000000012e+00
