5.000000000000000000e+01
5.206260621923352261e+01
5.410453217238448076e+01
5.612076777479017409e+01
5.810648220398406494e+01
6.005704298701995469e+01
6.196803259899570548e+01
6.383526257823518080e+01
6.565478519935270185e+01
6.742290277677810195e+01
6.913617469799710591e+01
7.079142230768144373e+01
7.238573178109513151e+01
7.391645513786815513e+01
7.538120955571102400e+01
7.677787514826871984e+01
7.810459137250013839e+01
7.935975222915837435e+01
8.054200041559985834e+01
8.165022058370699654e+01
8.268353184760781005e+01
8.364127967651648987e+01
8.452302729776307899e+01
8.532854672427312437e+01
8.605780950966671128e+01
8.671097732303799432e+01
8.728839242454800740e+01
8.779056811238760361e+01
8.821817920158075310e+01
8.857205258560799166e+01
8.885315792300320936e+01
8.906259848297921167e+01
8.920160217678797210e+01
8.927151279494098901e+01
8.927378146460333141e+01
8.920995833641258344e+01
8.908168450564716068e+01
8.889068416904306957e+01
8.863875701559832976e+01
8.832777084737021767e+01
8.795965442452242655e+01
8.753639052766499162e+01
8.706000922980715018e+01
8.653258136995940220e+01
8.595621222052959354e+01
8.533303534110514477e+01
8.466520661195295361e+01
8.395489844154478476e+01
8.320429414358726206e+01
8.241558248034242240e+01
8.159095237042753013e+01
8.073258776073325294e+01
7.984266266354720187e+01
7.892333636138039310e+01
7.797674878332324511e+01
7.700501605796993942e+01
7.601022624901155211e+01
7.499443528048810492e+01
7.395966305937078289e+01
7.290788980361729443e+01
7.184105258407765859e+01
7.076104208862659561e+01
6.966969961665996891e+01
6.856881431167681740e+01
6.746012063849322260e+01
6.634529611239848634e+01
6.522595928312203739e+01
6.410366797940027084e+01
6.297991781518523169e+01
6.185614095870283080e+01
6.073370516350595238e+01
5.961391305909789651e+01
5.849800169706271191e+01
5.738714234701999573e+01
5.628244053515178535e+01
5.518493631656092901e+01
5.409560477133294398e+01
5.301535671291443208e+01
5.194503959630201706e+01
5.088543861257946332e+01
4.983727795554720785e+01
4.880122224557298694e+01
4.777787809535014674e+01
4.676779580198494557e+01
4.577147114973764985e+01
4.478934730780777329e+01
4.382181680777284782e+01
4.286922358564617497e+01
4.193186507400424290e+01
4.100999433022266771e+01
4.010382218756620176e+01
3.921351941659511908e+01
3.833921888526064947e+01
3.748101770685422451e+01
3.663897936593237858e+01
3.581313581324774731e+01
3.500348952164514316e+01
3.421001549580667955e+01
3.343266322963100379e+01
3.267135860591196206e+01
3.192600573382358320e+01
3.119648872052304611e+01
3.048267337394028331e+01
2.978440883453125920e+01
2.910152913443138800e+01
2.843385468304574104e+01
2.778119367866690581e+01
2.714334344620413475e+01
2.652009170155362483e+01
2.591121774353069540e+01
2.531649357462806549e+01
2.473568495215970131e+01
2.416855237160233827e+01
2.361485198415544318e+01
2.307433645071211359e+01
2.254675573457055648e+01
2.203185783531630193e+01
2.152938946638284889e+01
2.103909667884290613e+01
2.056072543400859232e+01
2.009402212742092786e+01
1.963873406679485001e+01
1.919460990645426435e+01
1.876140004074828482e+01
1.833885695888410794e+01
1.792673556354579034e+01
1.752479345559727264e+01
1.713279118708691939e+01
1.675049248468913987e+01
1.637766444563017743e+01
1.601407770805652930e+01
1.565950659771358744e+01
1.531372925271097607e+01
1.497652772806011789e+01
1.464768808157962710e+01
1.432700044267629025e+01
1.401425906542153399e+01
1.370926236726079139e+01
1.341181295460966716e+01
1.312171763651351775e+01
1.283878742746999357e+01
1.256283754044202006e+01
1.229368737101881770e+01
1.203116047361602625e+01
1.177508453054348436e+01
1.152529131470829249e+01
1.128161664666535913e+01
1.104390034667279963e+01
1.081198618235995745e+01
1.058572181256786138e+01
