1.000000000000000000e+00
9.899999999999999911e-01
8.780000000000000027e-01
7.620000000000000107e-01
6.380000000000000115e-01
5.480000000000000426e-01
3.980000000000000204e-01
3.459999999999999742e-01
3.039999999999999925e-01
2.720000000000000195e-01
2.020000000000000129e-01
2.340000000000000135e-01
1.859999999999999987e-01
1.680000000000000104e-01
1.419999999999999873e-01
1.160000000000000059e-01
8.799999999999999489e-02
7.399999999999999634e-02
8.799999999999999489e-02
6.199999999999999956e-02
5.600000000000000117e-02
5.199999999999999761e-02
4.399999999999999745e-02
3.799999999999999906e-02
5.000000000000000278e-02
4.599999999999999922e-02
2.800000000000000058e-02
3.400000000000000244e-02
3.400000000000000244e-02
2.400000000000000050e-02
3.200000000000000067e-02
1.799999999999999864e-02
2.800000000000000058e-02
1.200000000000000025e-02
1.200000000000000025e-02
2.599999999999999881e-02
8.000000000000000167e-03
1.600000000000000033e-02
6.000000000000000125e-03
6.000000000000000125e-03
6.000000000000000125e-03
6.000000000000000125e-03
4.000000000000000083e-03
8.000000000000000167e-03
8.000000000000000167e-03
4.000000000000000083e-03
2.000000000000000042e-03
4.000000000000000083e-03
6.000000000000000125e-03
0.000000000000000000e+00
0.000000000000000000e+00
2.000000000000000042e-03
0.000000000000000000e+00
0.000000000000000000e+00
0.000000000000000000e+00
0.000000000000000000e+00
0.000000000000000000e+00
2.000000000000000042e-03
0.000000000000000000e+00
0.000000000000000000e+00
0.000000000000000000e+00
2.000000000000000042e-03
2.000000000000000042e-03
0.000000000000000000e+00
2.000000000000000042e-03
0.000000000000000000e+00
0.000000000000000000e+00
0.000000000000000000e+00
0.000000000000000000e+00
0.000000000000000000e+00
4.000000000000000083e-03
4.000000000000000083e-03
0.000000000000000000e+00
2.000000000000000042e-03
4.000000000000000083e-03
0.000000000000000000e+00
0.000000000000000000e+00
0.000000000000000000e+00
0.000000000000000000e+00
0.000000000000000000e+00
0.000000000000000000e+00
2.000000000000000042e-03
0.000000000000000000e+00
2.000000000000000042e-03
2.000000000000000042e-03
0.000000000000000000e+00
0.000000000000000000e+00
2.000000000000000042e-03
0.000000000000000000e+00
0.000000000000000000e+00
0.000000000000000000e+00
0.000000000000000000e+00
0.000000000000000000e+00
0.000000000000000000e+00
2.000000000000000042e-03
0.000000000000000000e+00
0.000000000000000000e+00
0.000000000000000000e+00
0.000000000000000000e+00
0.000000000000000000e+00
2.000000000000000042e-03
0.000000000000000000e+00
4.000000000000000083e-03
2.000000000000000042e-03
2.000000000000000042e-03
2.000000000000000042e-03
2.000000000000000042e-03
0.000000000000000000e+00
2.000000000000000042e-03
2.000000000000000042e-03
0.000000000000000000e+00
0.000000000000000000e+00
2.000000000000000042e-03
0.000000000000000000e+00
0.000000000000000000e+00
0.000000000000000000e+00
4.000000000000000083e-03
0.000000000000000000e+00
0.000000000000000000e+00
0.000000000000000000e+00
2.000000000000000042e-03
2.000000000000000042e-03
0.000000000000000000e+00
0.000000000000000000e+00
0.000000000000000000e+00
0.000000000000000000e+00
0.000000000000000000e+00
0.000000000000000000e+00
2.000000000000000042e-03
2.000000000000000042e-03
4.000000000000000083e-03
0.000000000000000000e+00
2.000000000000000042e-03
0.000000000000000000e+00
2.000000000000000042e-03
2.000000000000000042e-03
0.000000000000000000e+00
2.000000000000000042e-03
0.000000000000000000e+00
0.000000000000000000e+00
0.000000000000000000e+00
2.000000000000000042e-03
0.000000000000000000e+00
0.000000000000000000e+00
0.000000000000000000e+00
0.000000000000000000e+00
0.000000000000000000e+00
0.000000000000000000e+00
2.000000000000000042e-03
0.000000000000000000e+00
0.000000000000000000e+00
2.000000000000000042e-03
0.000000000000000000e+00
0.000000000000000000e+00
0.000000000000000000e+00
0.000000000000000000e+00
2.000000000000000042e-03
0.000000000000000000e+00
0.000000000000000000e+00
0.000000000000000000e+00
2.000000000000000042e-03
0.000000000000000000e+00
0.000000000000000000e+00
0.000000000000000000e+00
0.000000000000000000e+00
0.000000000000000000e+00
4.000000000000000083e-03
0.000000000000000000e+00
0.000000000000000000e+00
0.000000000000000000e+00
0.000000000000000000e+00
0.000000000000000000e+00
4.000000000000000083e-03
0.000000000000000000e+00
2.000000000000000042e-03
2.000000000000000042e-03
0.000000000000000000e+00
2.000000000000000042e-03
0.000000000000000000e+00
2.000000000000000042e-03
0.000000000000000000e+00
0.000000000000000000e+00
2.000000000000000042e-03
0.000000000000000000e+00
0.000000000000000000e+00
0.000000000000000000e+00
0.000000000000000000e+00
0.000000000000000000e+00
0.000000000000000000e+00
2.000000000000000042e-03
2.000000000000000042e-03
2.000000000000000042e-03
0.000000000000000000e+00
2.000000000000000042e-03
0.000000000000000000e+00
0.000000000000000000e+00
0.000000000000000000e+00
2.000000000000000042e-03
0.000000000000000000e+00
0.000000000000000000e+00
