1.000000000000000000e+00
1.000000000000000000e+00
9.959999999999999964e-01
9.639999999999999680e-01
9.280000000000000471e-01
8.279999999999999583e-01
8.060000000000000497e-01
6.700000000000000400e-01
6.540000000000000258e-01
6.239999999999999991e-01
6.119999999999999885e-01
5.659999999999999476e-01
4.839999999999999858e-01
4.660000000000000253e-01
3.639999999999999902e-01
3.840000000000000080e-01
3.619999999999999885e-01
3.880000000000000115e-01
3.180000000000000049e-01
3.340000000000000191e-01
2.800000000000000266e-01
2.780000000000000249e-01
2.560000000000000053e-01
2.439999999999999947e-01
2.220000000000000029e-01
2.020000000000000129e-01
1.880000000000000004e-01
1.380000000000000115e-01
1.680000000000000104e-01
1.660000000000000087e-01
1.419999999999999873e-01
1.439999999999999891e-01
1.300000000000000044e-01
1.320000000000000062e-01
1.019999999999999934e-01
1.199999999999999956e-01
1.000000000000000056e-01
1.000000000000000056e-01
7.799999999999999989e-02
8.000000000000000167e-02
8.999999999999999667e-02
7.000000000000000666e-02
7.000000000000000666e-02
6.800000000000000488e-02
7.000000000000000666e-02
6.800000000000000488e-02
6.600000000000000311e-02
5.999999999999999778e-02
7.399999999999999634e-02
4.599999999999999922e-02
5.800000000000000294e-02
5.199999999999999761e-02
4.399999999999999745e-02
5.000000000000000278e-02
5.999999999999999778e-02
5.199999999999999761e-02
4.399999999999999745e-02
3.400000000000000244e-02
4.200000000000000261e-02
4.800000000000000100e-02
5.399999999999999939e-02
2.999999999999999889e-02
2.800000000000000058e-02
5.999999999999999778e-02
3.200000000000000067e-02
4.200000000000000261e-02
3.799999999999999906e-02
2.000000000000000042e-02
2.800000000000000058e-02
3.599999999999999728e-02
3.400000000000000244e-02
3.400000000000000244e-02
5.000000000000000278e-02
3.200000000000000067e-02
2.400000000000000050e-02
3.200000000000000067e-02
2.599999999999999881e-02
3.599999999999999728e-02
2.999999999999999889e-02
1.200000000000000025e-02
1.200000000000000025e-02
1.600000000000000033e-02
1.600000000000000033e-02
2.599999999999999881e-02
2.599999999999999881e-02
1.000000000000000021e-02
2.000000000000000042e-02
2.599999999999999881e-02
1.799999999999999864e-02
2.400000000000000050e-02
1.400000000000000029e-02
2.599999999999999881e-02
2.000000000000000042e-02
1.600000000000000033e-02
1.600000000000000033e-02
2.199999999999999872e-02
1.600000000000000033e-02
2.400000000000000050e-02
1.400000000000000029e-02
1.400000000000000029e-02
1.799999999999999864e-02
1.600000000000000033e-02
1.200000000000000025e-02
1.600000000000000033e-02
1.000000000000000021e-02
1.000000000000000021e-02
1.400000000000000029e-02
1.600000000000000033e-02
1.400000000000000029e-02
1.000000000000000021e-02
1.000000000000000021e-02
1.600000000000000033e-02
1.200000000000000025e-02
1.600000000000000033e-02
8.000000000000000167e-03
1.200000000000000025e-02
1.000000000000000021e-02
2.400000000000000050e-02
1.600000000000000033e-02
1.000000000000000021e-02
1.400000000000000029e-02
6.000000000000000125e-03
1.000000000000000021e-02
4.000000000000000083e-03
1.200000000000000025e-02
8.000000000000000167e-03
1.200000000000000025e-02
6.000000000000000125e-03
1.000000000000000021e-02
4.000000000000000083e-03
6.000000000000000125e-03
8.000000000000000167e-03
4.000000000000000083e-03
6.000000000000000125e-03
4.000000000000000083e-03
2.000000000000000042e-03
4.000000000000000083e-03
4.000000000000000083e-03
4.000000000000000083e-03
1.000000000000000021e-02
4.000000000000000083e-03
8.000000000000000167e-03
2.000000000000000042e-03
4.000000000000000083e-03
8.000000000000000167e-03
8.000000000000000167e-03
8.000000000000000167e-03
2.000000000000000042e-03
2.000000000000000042e-03
4.000000000000000083e-03
4.000000000000000083e-03
0.000000000000000000e+00
8.000000000000000167e-03
2.000000000000000042e-03
2.000000000000000042e-03
6.000000000000000125e-03
2.000000000000000042e-03
6.000000000000000125e-03
2.000000000000000042e-03
4.000000000000000083e-03
6.000000000000000125e-03
0.000000000000000000e+00
2.000000000000000042e-03
1.200000000000000025e-02
4.000000000000000083e-03
4.000000000000000083e-03
0.000000000000000000e+00
0.000000000000000000e+00
2.000000000000000042e-03
6.000000000000000125e-03
8.000000000000000167e-03
2.000000000000000042e-03
2.000000000000000042e-03
6.000000000000000125e-03
4.000000000000000083e-03
0.000000000000000000e+00
0.000000000000000000e+00
0.000000000000000000e+00
0.000000000000000000e+00
0.000000000000000000e+00
6.000000000000000125e-03
0.000000000000000000e+00
0.000000000000000000e+00
0.000000000000000000e+00
2.000000000000000042e-03
2.000000000000000042e-03
0.000000000000000000e+00
0.000000000000000000e+00
0.000000000000000000e+00
0.000000000000000000e+00
4.000000000000000083e-03
0.000000000000000000e+00
4.000000000000000083e-03
0.000000000000000000e+00
2.000000000000000042e-03
0.000000000000000000e+00
0.000000000000000000e+00
2.000000000000000042e-03
2.000000000000000042e-03
0.000000000000000000e+00
