1.000000000000000000e+00
1.000000000000000000e+00
1.000000000000000000e+00
9.959999999999999964e-01
9.719999999999999751e-01
9.479999999999999538e-01
9.120000000000000329e-01
8.780000000000000027e-01
8.719999999999999973e-01
8.020000000000000462e-01
7.900000000000000355e-01
7.580000000000000071e-01
7.099999999999999645e-01
6.620000000000000329e-01
6.059999999999999831e-01
5.819999999999999618e-01
5.679999999999999494e-01
5.779999999999999583e-01
5.040000000000000036e-01
4.899999999999999911e-01
4.660000000000000253e-01
4.719999999999999751e-01
3.940000000000000169e-01
4.119999999999999774e-01
3.860000000000000098e-01
3.599999999999999867e-01
3.420000000000000262e-01
3.599999999999999867e-01
3.220000000000000084e-01
3.079999999999999960e-01
2.899999999999999800e-01
3.099999999999999978e-01
2.899999999999999800e-01
2.800000000000000266e-01
2.800000000000000266e-01
2.720000000000000195e-01
2.580000000000000071e-01
2.800000000000000266e-01
2.459999999999999964e-01
2.119999999999999940e-01
2.340000000000000135e-01
1.880000000000000004e-01
2.079999999999999905e-01
2.059999999999999887e-01
2.099999999999999922e-01
1.920000000000000040e-01
2.159999999999999976e-01
2.139999999999999958e-01
1.859999999999999987e-01
1.980000000000000093e-01
1.660000000000000087e-01
1.360000000000000098e-01
1.640000000000000069e-01
1.459999999999999909e-01
1.660000000000000087e-01
1.479999999999999927e-01
1.400000000000000133e-01
1.439999999999999891e-01
1.920000000000000040e-01
1.559999999999999998e-01
1.419999999999999873e-01
1.239999999999999991e-01
1.300000000000000044e-01
1.320000000000000062e-01
1.300000000000000044e-01
1.160000000000000059e-01
1.160000000000000059e-01
1.239999999999999991e-01
1.079999999999999988e-01
1.219999999999999973e-01
9.600000000000000200e-02
8.999999999999999667e-02
9.600000000000000200e-02
1.219999999999999973e-01
1.039999999999999952e-01
1.100000000000000006e-01
1.120000000000000023e-01
1.140000000000000041e-01
1.000000000000000056e-01
9.800000000000000377e-02
9.800000000000000377e-02
8.000000000000000167e-02
8.799999999999999489e-02
8.599999999999999312e-02
9.199999999999999845e-02
9.199999999999999845e-02
8.400000000000000522e-02
8.000000000000000167e-02
7.599999999999999811e-02
8.400000000000000522e-02
7.000000000000000666e-02
9.400000000000000022e-02
1.000000000000000056e-01
9.199999999999999845e-02
8.599999999999999312e-02
7.799999999999999989e-02
5.999999999999999778e-02
6.600000000000000311e-02
8.200000000000000344e-02
7.199999999999999456e-02
8.000000000000000167e-02
8.000000000000000167e-02
8.000000000000000167e-02
6.800000000000000488e-02
6.800000000000000488e-02
6.800000000000000488e-02
6.199999999999999956e-02
5.199999999999999761e-02
4.399999999999999745e-02
7.000000000000000666e-02
5.199999999999999761e-02
5.800000000000000294e-02
5.800000000000000294e-02
5.000000000000000278e-02
4.399999999999999745e-02
3.799999999999999906e-02
5.000000000000000278e-02
1.000000000000000021e-02
0.000000000000000000e+00
0.000000000000000000e+00
0.000000000000000000e+00
0.000000000000000000e+00
0.000000000000000000e+00
0.000000000000000000e+00
0.000000000000000000e+00
0.000000000000000000e+00
0.000000000000000000e+00
0.000000000000000000e+00
0.000000000000000000e+00
0.000000000000000000e+00
0.000000000000000000e+00
0.000000000000000000e+00
0.000000000000000000e+00
0.000000000000000000e+00
0.000000000000000000e+00
0.000000000000000000e+00
0.000000000000000000e+00
0.000000000000000000e+00
0.000000000000000000e+00
0.000000000000000000e+00
0.000000000000000000e+00
0.000000000000000000e+00
0.000000000000000000e+00
0.000000000000000000e+00
0.000000000000000000e+00
0.000000000000000000e+00
0.000000000000000000e+00
0.000000000000000000e+00
0.000000000000000000e+00
0.000000000000000000e+00
0.000000000000000000e+00
0.000000000000000000e+00
0.000000000000000000e+00
0.000000000000000000e+00
0.000000000000000000e+00
0.000000000000000000e+00
0.000000000000000000e+00
0.000000000000000000e+00
0.000000000000000000e+00
0.000000000000000000e+00
0.000000000000000000e+00
0.000000000000000000e+00
0.000000000000000000e+00
0.000000000000000000e+00
0.000000000000000000e+00
0.000000000000000000e+00
0.000000000000000000e+00
0.000000000000000000e+00
0.000000000000000000e+00
0.000000000000000000e+00
0.000000000000000000e+00
0.000000000000000000e+00
0.000000000000000000e+00
0.000000000000000000e+00
0.000000000000000000e+00
0.000000000000000000e+00
0.000000000000000000e+00
0.000000000000000000e+00
0.000000000000000000e+00
0.000000000000000000e+00
0.000000000000000000e+00
0.000000000000000000e+00
0.000000000000000000e+00
0.000000000000000000e+00
0.000000000000000000e+00
0.000000000000000000e+00
0.000000000000000000e+00
0.000000000000000000e+00
0.000000000000000000e+00
0.000000000000000000e+00
0.000000000000000000e+00
0.000000000000000000e+00
0.000000000000000000e+00
0.000000000000000000e+00
0.000000000000000000e+00
0.000000000000000000e+00
0.000000000000000000e+00
0.000000000000000000e+00
0.000000000000000000e+00
0.000000000000000000e+00
