3.497500000000000053e-01
8.492500000000000604e-01
1.348750000000000338e+00
1.848250000000000171e+00
2.347750000000000448e+00
2.847250000000000725e+00
3.346750000000000114e+00
3.846250000000000391e+00
4.345750000000000668e+00
4.845250000000000057e+00
5.344750000000000334e+00
5.844250000000000611e+00
6.343750000000000000e+00
6.843250000000000277e+00
7.342750000000000554e+00
7.842249999999999943e+00
8.341750000000001108e+00
8.841250000000000497e+00
9.340749999999999886e+00
9.840250000000001052e+00
1.033975000000000222e+01
1.083924999999999983e+01
1.133875000000000099e+01
1.183825000000000216e+01
1.233774999999999977e+01
1.283725000000000094e+01
1.333675000000000210e+01
1.383624999999999972e+01
1.433575000000000088e+01
1.483525000000000205e+01
1.533475000000000144e+01
1.583425000000000260e+01
1.633375000000000199e+01
1.683325000000000315e+01
1.733275000000000432e+01
1.783225000000000193e+01
1.833175000000000310e+01
1.883125000000000426e+01
1.933075000000000188e+01
1.983025000000000659e+01
2.032975000000000421e+01
2.082925000000000182e+01
2.132875000000000654e+01
2.182825000000000415e+01
2.232775000000000176e+01
2.282725000000000648e+01
2.332675000000000409e+01
2.382625000000000171e+01
2.432575000000000642e+01
2.482525000000000404e+01
2.532475000000000165e+01
2.582425000000000637e+01
2.632375000000000398e+01
2.682325000000000159e+01
2.732275000000000631e+01
2.782225000000000392e+01
2.832175000000000153e+01
2.882125000000000625e+01
2.932075000000000387e+01
2.982025000000000503e+01
3.031975000000000620e+01
3.081925000000000381e+01
3.131875000000000497e+01
3.181825000000000614e+01
3.231775000000000375e+01
3.281725000000000136e+01
3.331675000000000608e+01
3.381625000000000369e+01
3.431575000000000841e+01
3.481525000000000603e+01
3.531475000000000364e+01
3.581425000000000125e+01
3.631375000000000597e+01
3.681325000000000358e+01
3.731275000000000830e+01
3.781225000000000591e+01
3.831175000000000352e+01
3.881125000000000114e+01
3.931075000000000585e+01
3.981025000000001057e+01
4.030975000000000819e+01
4.080925000000000580e+01
4.130875000000000341e+01
4.180825000000000813e+01
4.230775000000000574e+01
4.280725000000001046e+01
4.330675000000000807e+01
4.380625000000000568e+01
4.430575000000000330e+01
4.480525000000000801e+01
4.530475000000000563e+01
4.580425000000001035e+01
4.630375000000000796e+01
4.680325000000000557e+01
4.730275000000000318e+01
4.780225000000000790e+01
4.830175000000000551e+01
4.880125000000001023e+01
4.930075000000000784e+01
4.980025000000000546e+01
5.029975000000000307e+01
5.079925000000000779e+01
5.129875000000000540e+01
5.179825000000001012e+01
5.229775000000000773e+01
5.279725000000000534e+01
5.329675000000000296e+01
5.379625000000000767e+01
5.429575000000000529e+01
5.479525000000001000e+01
5.529475000000000762e+01
5.579425000000000523e+01
5.629375000000000284e+01
5.679325000000000756e+01
5.729275000000001228e+01
5.779225000000000989e+01
5.829175000000000750e+01
5.879125000000000512e+01
5.929075000000000983e+01
5.979025000000000745e+01
6.028975000000001216e+01
6.078925000000000978e+01
6.128875000000000739e+01
6.178825000000000500e+01
6.228775000000000972e+01
6.278725000000000733e+01
6.328675000000001205e+01
6.378625000000000966e+01
6.428575000000000728e+01
6.478524999999999068e+01
6.528475000000000250e+01
6.578425000000001432e+01
6.628374999999999773e+01
6.678325000000000955e+01
6.728274999999999295e+01
6.778225000000000477e+01
6.828175000000000239e+01
6.878125000000000000e+01
6.928075000000001182e+01
6.978024999999999523e+01
7.027975000000000705e+01
7.077924999999999045e+01
7.127875000000000227e+01
7.177825000000001410e+01
7.227774999999999750e+01
7.277725000000000932e+01
7.327674999999999272e+01
7.377625000000000455e+01
7.427575000000000216e+01
7.477524999999999977e+01
7.527475000000001160e+01
7.577424999999999500e+01
7.627375000000000682e+01
7.677324999999999022e+01
7.727275000000000205e+01
7.777225000000001387e+01
7.827174999999999727e+01
7.877125000000000909e+01
7.927074999999999250e+01
7.977025000000000432e+01
8.026975000000001614e+01
8.076924999999999955e+01
8.126875000000001137e+01
8.176824999999999477e+01
8.226775000000000659e+01
8.276725000000000421e+01
8.326675000000000182e+01
8.376625000000001364e+01
8.426574999999999704e+01
8.476525000000000887e+01
8.526474999999999227e+01
8.576425000000000409e+01
8.626375000000001592e+01
8.676324999999999932e+01
8.726275000000001114e+01
8.776224999999999454e+01
8.826175000000000637e+01
8.876125000000000398e+01
8.926075000000000159e+01
8.976025000000001342e+01
9.025974999999999682e+01
9.075925000000000864e+01
9.125874999999999204e+01
9.175825000000000387e+01
9.225775000000001569e+01
9.275724999999999909e+01
9.325675000000001091e+01
9.375624999999999432e+01
9.425575000000000614e+01
9.475525000000000375e+01
9.525475000000000136e+01
9.575425000000001319e+01
9.625374999999999659e+01
9.675325000000000841e+01
9.725275000000000603e+01
9.775225000000000364e+01
9.825175000000001546e+01
9.875124999999999886e+01
9.925075000000001069e+01
9.975024999999999409e+01
