7.872735142306687139e-01
8.280569806734968674e-01
8.688404471163249099e-01
9.096239135591530633e-01
9.504073800019812168e-01
9.911908464448093703e-01
1.031974312887637524e+00
1.072757779330465677e+00
1.113541245773293831e+00
1.154324712216121984e+00
1.195108178658949916e+00
1.235891645101778069e+00
1.276675111544606223e+00
1.317458577987434376e+00
1.358242044430262307e+00
1.399025510873090461e+00
1.439808977315918614e+00
1.480592443758746768e+00
1.521375910201574921e+00
1.562159376644403075e+00
1.602942843087231228e+00
1.643726309530059382e+00
1.684509775972887535e+00
1.725293242415715689e+00
1.766076708858543842e+00
1.806860175301371996e+00
1.847643641744200149e+00
1.888427108187028303e+00
1.929210574629856012e+00
1.969994041072684166e+00
2.010777507515512319e+00
