1.780200000000000000e+04
1.960600000000000000e+04
1.948200000000000000e+04
1.965700000000000000e+04
1.971900000000000000e+04
1.969800000000000000e+04
1.960900000000000000e+04
1.977400000000000000e+04
1.899900000000000000e+04
1.906000000000000000e+04
1.859000000000000000e+04
1.802000000000000000e+04
1.757100000000000000e+04
1.720600000000000000e+04
1.663900000000000000e+04
1.606900000000000000e+04
1.539900000000000000e+04
1.488800000000000000e+04
1.419200000000000000e+04
1.390400000000000000e+04
1.318400000000000000e+04
1.242700000000000000e+04
1.195500000000000000e+04
1.129600000000000000e+04
1.087200000000000000e+04
1.037200000000000000e+04
9.795000000000000000e+03
9.130000000000000000e+03
9.436000000000000000e+03
7.984000000000000000e+03
