0.000000000000000000e+00
2.348993288590604106e-02
4.697986577181208212e-02
7.046979865771813012e-02
9.395973154362416424e-02
1.174496644295301984e-01
1.409395973154362602e-01
1.644295302013422944e-01
1.879194630872483285e-01
2.114093959731543626e-01
2.348993288590603967e-01
2.583892617449664586e-01
2.818791946308725205e-01
3.053691275167785268e-01
3.288590604026845887e-01
3.523489932885905951e-01
3.758389261744966570e-01
3.993288590604027188e-01
4.228187919463087252e-01
4.463087248322147871e-01
4.697986577181207934e-01
4.932885906040268553e-01
5.167785234899329172e-01
5.402684563758389791e-01
5.637583892617450410e-01
5.872483221476509918e-01
6.107382550335570537e-01
6.342281879194631156e-01
6.577181208053691774e-01
6.812080536912752393e-01
7.046979865771811902e-01
7.281879194630872520e-01
7.516778523489933139e-01
7.751677852348993758e-01
7.986577181208054377e-01
8.221476510067113885e-01
8.456375838926174504e-01
8.691275167785235123e-01
8.926174496644295742e-01
9.161073825503356360e-01
9.395973154362415869e-01
9.630872483221476488e-01
9.865771812080537106e-01
1.010067114093959662e+00
1.033557046979865834e+00
1.057046979865771785e+00
1.080536912751677958e+00
1.104026845637583909e+00
1.127516778523490082e+00
1.151006711409396033e+00
1.174496644295301984e+00
1.197986577181208157e+00
1.221476510067114107e+00
1.244966442953020280e+00
1.268456375838926231e+00
1.291946308724832182e+00
1.315436241610738355e+00
1.338926174496644306e+00
1.362416107382550479e+00
1.385906040268456429e+00
1.409395973154362380e+00
1.432885906040268553e+00
1.456375838926174504e+00
1.479865771812080677e+00
1.503355704697986628e+00
1.526845637583892579e+00
1.550335570469798752e+00
1.573825503355704702e+00
1.597315436241610875e+00
1.620805369127516826e+00
1.644295302013422777e+00
1.667785234899328950e+00
1.691275167785234901e+00
1.714765100671141074e+00
1.738255033557047025e+00
1.761744966442952975e+00
1.785234899328859148e+00
1.808724832214765099e+00
1.832214765100671272e+00
1.855704697986577223e+00
1.879194630872483174e+00
1.902684563758389347e+00
1.926174496644295298e+00
1.949664429530201470e+00
1.973154362416107421e+00
1.996644295302013594e+00
2.020134228187919323e+00
2.043624161073825718e+00
2.067114093959731669e+00
2.090604026845637620e+00
2.114093959731543571e+00
2.137583892617449521e+00
2.161073825503355916e+00
2.184563758389261867e+00
2.208053691275167818e+00
2.231543624161073769e+00
2.255033557046980164e+00
2.278523489932886115e+00
2.302013422818792066e+00
2.325503355704698016e+00
2.348993288590603967e+00
2.372483221476510362e+00
2.395973154362416313e+00
2.419463087248322264e+00
2.442953020134228215e+00
2.466442953020134166e+00
2.489932885906040561e+00
2.513422818791946511e+00
2.536912751677852462e+00
2.560402684563758413e+00
2.583892617449664364e+00
2.607382550335570759e+00
2.630872483221476710e+00
2.654362416107382661e+00
2.677852348993288611e+00
2.701342281879194562e+00
2.724832214765100957e+00
2.748322147651006908e+00
2.771812080536912859e+00
2.795302013422818810e+00
2.818791946308724761e+00
2.842281879194631156e+00
2.865771812080537106e+00
2.889261744966443057e+00
2.912751677852349008e+00
2.936241610738254959e+00
2.959731543624161354e+00
2.983221476510067305e+00
3.006711409395973256e+00
3.030201342281879207e+00
3.053691275167785157e+00
3.077181208053691552e+00
3.100671140939597503e+00
3.124161073825503454e+00
3.147651006711409405e+00
3.171140939597315356e+00
3.194630872483221751e+00
3.218120805369127702e+00
3.241610738255033652e+00
3.265100671140939603e+00
3.288590604026845554e+00
3.312080536912751949e+00
3.335570469798657900e+00
3.359060402684563851e+00
3.382550335570469802e+00
3.406040268456375752e+00
3.429530201342282147e+00
3.453020134228188098e+00
3.476510067114094049e+00
3.500000000000000000e+00
